Date,France,Germany,Korea,US,UK
2020-01-22,0,0,1,1,0
2020-01-23,0,0,1,1,0
2020-01-24,2,0,2,2,0
2020-01-25,3,0,2,2,0
2020-01-26,3,0,3,5,0
2020-01-27,3,1,4,5,0
2020-01-28,4,4,4,5,0
2020-01-29,5,4,4,5,0
2020-01-30,5,4,4,5,0
2020-01-31,5,5,11,7,2
2020-02-01,6,8,12,8,2
2020-02-02,6,10,15,8,2
2020-02-03,6,12,15,11,2
2020-02-04,6,12,16,11,2
2020-02-05,6,12,19,11,2
2020-02-06,6,12,23,11,2
2020-02-07,6,13,24,11,3
2020-02-08,11,13,24,11,3
2020-02-09,11,14,25,11,3
2020-02-10,11,14,27,11,8
2020-02-11,11,16,28,12,8
2020-02-12,11,16,28,12,9
2020-02-13,11,16,28,13,9
2020-02-14,11,16,28,13,9
2020-02-15,12,16,28,13,9
2020-02-16,12,16,29,13,9
2020-02-17,12,16,30,13,9
2020-02-18,12,16,31,13,9
2020-02-19,12,16,31,13,9
2020-02-20,12,16,104,13,9
2020-02-21,12,16,204,15,9
2020-02-22,12,16,433,15,9
2020-02-23,12,16,602,15,9
2020-02-24,12,16,833,15,13
2020-02-25,14,17,977,15,13
2020-02-26,18,27,1261,15,13
2020-02-27,38,46,1766,16,15
2020-02-28,57,48,2337,16,20
2020-02-29,100,79,3150,24,23
2020-03-01,130,130,3736,30,36
2020-03-02,191,159,4335,53,40
2020-03-03,204,196,5186,73,51
2020-03-04,288,262,5621,104,86
2020-03-05,380,482,6088,174,116
2020-03-06,656,670,6593,222,164
2020-03-07,959,799,7041,337,207
2020-03-08,1136,1040,7314,451,274
2020-03-09,1219,1176,7478,519,322
2020-03-10,1794,1457,7513,711,384
2020-03-11,2293,1908,7755,1109,459
2020-03-12,2293,2078,7869,1561,459
2020-03-13,3681,3675,7979,2157,802
2020-03-14,4496,4585,8086,2870,1144
2020-03-15,4532,5795,8162,2968,1145
2020-03-16,6683,7272,8236,4360,1551
2020-03-17,7715,9257,8320,6141,1960
2020-03-18,9124,12327,8413,8914,2642
2020-03-19,10970,15320,8565,14153,2716
2020-03-20,12758,19848,8652,19479,4014
2020-03-21,14463,22213,8799,25818,5067
2020-03-22,16243,24873,8961,33756,5745
2020-03-23,20123,29056,8961,43845,6726
2020-03-24,22622,32986,9037,54108,8164
2020-03-25,25600,37323,9137,66044,9640
2020-03-26,29551,43938,9241,84080,11812
2020-03-27,33402,50871,9332,102254,14745
2020-03-28,38105,57695,9478,122054,17312
2020-03-29,40708,62095,9583,141194,19780
2020-03-30,45170,66885,9661,162690,22453
2020-03-31,52827,71808,9786,188701,25481
2020-04-01,57749,77872,9887,214194,29865
2020-04-02,59929,84794,9976,244593,34173
2020-04-03,65202,91159,10062,276535,38689
2020-04-04,69500,96092,10156,309699,42477
2020-04-05,71412,100123,10237,337573,48436
2020-04-06,75343,103374,10284,367210,52279
2020-04-07,79163,107663,10331,397992,55949
2020-04-08,83057,113296,10384,429686,61474
2020-04-09,87366,118181,10423,464442,65872
2020-04-10,91738,122171,10450,497943,74605
2020-04-11,94863,124908,10480,527958,79874
2020-04-12,121712,127854,10512,556517,85206
2020-04-13,125394,130072,10537,581810,89570
2020-04-14,130365,131359,10564,608845,94845
2020-04-15,133585,134753,10591,637974,99483
2020-04-16,146075,137698,10613,669272,104145
2020-04-17,148084,141397,10635,701996,109769
2020-04-18,148086,143342,10653,730317,115314
2020-04-19,153011,145184,10661,756375,121172
2020-04-20,155393,147065,10674,783716,125856
2020-04-21,158168,148291,10683,809213,130172
2020-04-22,155980,150648,10694,837414,134638
2020-04-23,158303,153129,10708,871617,139246
2020-04-24,159952,154999,10718,907908,144640
2020-04-25,161644,156513,10728,940829,149569
2020-04-26,162220,157770,10738,968517,154037
2020-04-27,165963,158758,10752,990993,158348
2020-04-28,169053,159912,10761,1015518,162350
2020-04-29,166543,161539,10765,1042926,166441
2020-04-30,167299,163009,10774,1072667,172481
2020-05-01,167305,164077,10780,1106829,178685
2020-05-02,168518,164967,10793,1136024,183500
2020-05-03,168925,165664,10801,1161611,187842
2020-05-04,169583,166152,10804,1184086,191832
2020-05-05,170687,167007,10806,1208271,196243
2020-05-06,174224,168162,10810,1233527,202359
2020-05-07,174918,169430,10822,1261409,207977
2020-05-08,176202,170588,10840,1288566,212629
2020-05-09,176782,171324,10874,1314306,216525
2020-05-10,177094,171879,10909,1334084,220449
2020-05-11,177547,172576,10936,1352962,224332
2020-05-12,178349,173171,10962,1374914,227741
2020-05-13,178184,174098,10991,1396109,230985
2020-05-14,178994,174478,11018,1423726,234440
2020-05-15,179630,175233,11037,1449026,238004
2020-05-16,179630,175752,11050,1474127,241461
2020-05-17,179693,176369,11065,1493131,244995
2020-05-18,180051,176551,11078,1514839,247709
2020-05-19,180933,177778,11110,1535337,250138
2020-05-20,181700,178473,11122,1558949,249619
2020-05-21,181951,179021,11142,1584486,252246
2020-05-22,182354,179710,11165,1608623,255544
2020-05-23,182694,179986,11190,1630450,258504
2020-05-24,182709,180328,11206,1651239,260916
2020-05-25,183067,180600,11225,1670209,262547
2020-05-26,182847,181200,11265,1689057,266599
2020-05-27,183038,181524,11344,1707423,268619
2020-05-28,186364,182196,11402,1730259,270508
2020-05-29,186923,182922,11441,1754747,272607
2020-05-30,188752,183189,11468,1778993,274219
2020-05-31,189009,183410,11503,1799122,276156
2020-06-01,189348,183594,11541,1816476,277736
2020-06-02,188450,183879,11590,1837367,279392
2020-06-03,192330,184121,11629,1857248,281270
2020-06-04,189569,184472,11668,1878543,283079
2020-06-05,190180,184924,11719,1903854,284734
2020-06-06,190759,185450,11776,1926538,286294
2020-06-07,191102,185750,11814,1944309,287621
2020-06-08,191313,186109,11852,1961781,288834
2020-06-09,191523,186506,11902,1979868,290581
2020-06-10,192068,186522,11947,2000702,291588
2020-06-11,192493,186691,12003,2023590,292860
2020-06-12,193220,187226,12051,2048986,294402
2020-06-13,193746,187267,12085,2074526,295828
2020-06-14,194153,187518,12121,2094058,297342
2020-06-15,194305,187682,12155,2114026,298315
2020-06-16,194347,188252,12198,2137731,299600
2020-06-17,194805,188604,12257,2163290,300717
2020-06-18,195272,189817,12306,2191052,301935
2020-06-19,196083,190299,12373,2222579,303285
2020-06-20,196724,190670,12421,2255297,304580
2020-06-21,197008,191272,12438,2281655,305803
2020-06-22,197381,191768,12484,2312302,306761
2020-06-23,197804,192480,12535,2347022,307682
